149
  -OEChem-04131722573D

 35 37  0     1  0  0  0  0  0999 V2000
    4.3415   -2.1285    0.2600 S   0  0  0  0  0  0  0  0  0  0  0  0
    1.7163   -0.5138    0.3370 O   0  0  0  0  0  0  0  0  0  0  0  0
    0.5599    2.8612    0.0418 O   0  0  0  0  0  0  0  0  0  0  0  0
    3.2198    2.2313   -1.4178 O   0  0  0  0  0  0  0  0  0  0  0  0
   -0.5879   -0.1792   -0.0879 N   0  0  0  0  0  0  0  0  0  0  0  0
   -1.9298   -1.5228   -1.2578 N   0  0  0  0  0  0  0  0  0  0  0  0
   -2.2368    0.9678    1.2784 N   0  0  0  0  0  0  0  0  0  0  0  0
   -4.4952    0.1824    0.7896 N   0  0  0  0  0  0  0  0  0  0  0  0
   -4.9420   -1.5092   -0.8431 N   0  0  0  0  0  0  0  0  0  0  0  0
    1.0817    1.6438   -0.4616 C   0  0  1  0  0  0  0  0  0  0  0  0
    2.5886    1.5796   -0.3321 C   0  0  1  0  0  0  0  0  0  0  0  0
    0.6458    0.4496    0.3799 C   0  0  2  0  0  0  0  0  0  0  0  0
    2.8320    0.0789   -0.3499 C   0  0  1  0  0  0  0  0  0  0  0  0
    4.1236   -0.3301    0.3353 C   0  0  0  0  0  0  0  0  0  0  0  0
   -1.8576    0.0840    0.3432 C   0  0  0  0  0  0  0  0  0  0  0  0
   -0.6841   -1.1506   -1.0498 C   0  0  0  0  0  0  0  0  0  0  0  0
   -2.6739   -0.7592   -0.3937 C   0  0  0  0  0  0  0  0  0  0  0  0
   -4.0406   -0.6891   -0.1428 C   0  0  0  0  0  0  0  0  0  0  0  0
    5.9173   -2.2414    1.1386 C   0  0  0  0  0  0  0  0  0  0  0  0
   -3.5786    0.9454    1.4328 C   0  0  0  0  0  0  0  0  0  0  0  0
    0.7719    1.5535   -1.5101 H   0  0  0  0  0  0  0  0  0  0  0  0
    2.9236    2.0495    0.5997 H   0  0  0  0  0  0  0  0  0  0  0  0
    0.4887    0.7216    1.4306 H   0  0  0  0  0  0  0  0  0  0  0  0
    2.8245   -0.2929   -1.3836 H   0  0  0  0  0  0  0  0  0  0  0  0
    4.0982   -0.0409    1.3914 H   0  0  0  0  0  0  0  0  0  0  0  0
    4.9784    0.1562   -0.1454 H   0  0  0  0  0  0  0  0  0  0  0  0
   -0.4099    2.7977    0.0119 H   0  0  0  0  0  0  0  0  0  0  0  0
    2.9231    1.8118   -2.2432 H   0  0  0  0  0  0  0  0  0  0  0  0
    0.1787   -1.5456   -1.5689 H   0  0  0  0  0  0  0  0  0  0  0  0
    6.2238   -3.2893    1.1951 H   0  0  0  0  0  0  0  0  0  0  0  0
    5.8154   -1.8544    2.1557 H   0  0  0  0  0  0  0  0  0  0  0  0
    6.6912   -1.6817    0.6070 H   0  0  0  0  0  0  0  0  0  0  0  0
   -3.9778    1.6314    2.1723 H   0  0  0  0  0  0  0  0  0  0  0  0
   -5.9303   -1.4406   -0.6421 H   0  0  0  0  0  0  0  0  0  0  0  0
   -4.6052   -2.1611   -1.5386 H   0  0  0  0  0  0  0  0  0  0  0  0
  1 14  1  0  0  0  0
  1 19  1  0  0  0  0
  2 12  1  0  0  0  0
  2 13  1  0  0  0  0
  3 10  1  0  0  0  0
  3 27  1  0  0  0  0
  4 11  1  0  0  0  0
  4 28  1  0  0  0  0
  5 12  1  0  0  0  0
  5 15  1  0  0  0  0
  5 16  1  0  0  0  0
  6 16  2  0  0  0  0
  6 17  1  0  0  0  0
  7 15  2  0  0  0  0
  7 20  1  0  0  0  0
  8 18  1  0  0  0  0
  8 20  2  0  0  0  0
  9 18  1  0  0  0  0
  9 34  1  0  0  0  0
  9 35  1  0  0  0  0
 10 11  1  0  0  0  0
 10 12  1  0  0  0  0
 10 21  1  0  0  0  0
 11 13  1  0  0  0  0
 11 22  1  0  0  0  0
 12 23  1  0  0  0  0
 13 14  1  0  0  0  0
 13 24  1  0  0  0  0
 14 25  1  0  0  0  0
 14 26  1  0  0  0  0
 15 17  1  0  0  0  0
 16 29  1  0  0  0  0
 17 18  2  0  0  0  0
 19 30  1  0  0  0  0
 19 31  1  0  0  0  0
 19 32  1  0  0  0  0
 20 33  1  0  0  0  0
M  END